maxerr = 1.26076e-007

    5284.87   -923.399   -638.777 4.13869e-006 0.000193237
   -923.399    5085.04   -3922.09    2.88799    -69.196
   -638.777   -3922.09    5612.98   -7.23612   -38.9832
 4.13866e-006    2.88799   -7.23612    3508.62    10.5592
 0.000193238    -69.196   -38.9832    10.5592    493.054

          0 -2.85387e-013 -4.47786e-013 3.50401e-008 -1.26076e-007
 2.85387e-013          0 8.22632e-014 1.39524e-010 -1.46367e-012
 4.47786e-013 -8.22632e-014          0 1.68212e-010 8.09418e-012
 -3.50401e-008 -1.39524e-010 -1.68212e-010          0 -1.64571e-011
 1.26076e-007 1.46367e-012 -8.09418e-012 1.64571e-011          0
